step,tl_id,start_at_step,stage,stage_time,time_beyond_queue_clearance,residual_queue
21,0,-1,0,22,21,0
116,0,25,1,91,90,0
175,0,120,2,55,54,0
243,0,179,3,64,57,0
311,0,247,0,64,55,0
358,0,315,1,43,36,0
474,0,362,2,112,107,0
539,0,478,3,61,47,0
577,0,543,0,34,27,0
630,0,581,1,49,40,0
671,0,634,2,37,30,0
772,0,675,3,97,96,0
828,0,776,0,52,45,0
926,0,832,1,94,93,0
1036,0,930,2,106,92,0
1098,0,1040,3,58,48,0
1208,0,1102,0,106,83,0
1225,0,1212,1,13,0,3
1242,0,1229,2,13,9,0
1355,0,1246,3,109,105,0
1453,0,1359,0,94,87,0
1506,0,1457,1,49,31,0
1553,0,1510,2,43,33,0
1654,0,1557,3,97,93,0
1665,0,1658,0,7,0,0
1757,0,1669,1,88,79,0
1774,0,1761,2,13,5,0
1878,0,1778,3,100,96,0
1937,0,1882,0,55,40,0
2017,0,1941,1,76,72,0
2082,0,2021,2,61,52,0
2168,0,2086,3,82,70,0
2245,0,2172,0,73,69,0
2358,0,2249,1,109,97,0
2390,0,2362,2,28,16,0
2512,0,2394,3,118,111,0
2571,0,2516,0,55,50,0
2663,0,2575,1,88,79,0
2689,0,2667,2,22,15,0
2763,0,2693,3,70,60,0
2822,0,2767,0,55,48,0
2863,0,2826,1,37,33,0
2964,0,2867,2,97,90,0
3014,0,2968,3,46,36,0
3043,0,3018,0,25,18,0
3072,0,3047,1,25,21,0
3185,0,3076,2,109,108,0
3232,0,3189,3,43,42,0
3270,0,3236,0,34,19,0
3311,0,3274,1,37,22,0
3328,0,3315,2,13,3,0
3417,0,3332,3,85,84,0
3515,0,3421,0,94,90,0
3637,0,3519,1,118,106,0
3666,0,3641,2,25,10,0
3692,0,3670,3,22,10,0
3778,0,3696,0,82,67,0
3801,0,3782,1,19,15,0
3839,0,3805,2,34,27,0
3937,0,3843,3,94,79,0
3960,0,3941,0,19,9,0
3974,0,3964,1,10,0,1
4072,0,3978,2,94,84,0
4113,0,4076,3,37,21,0
4190,0,4117,0,73,65,0
4240,0,4194,1,46,22,0
4305,0,4244,2,61,51,0
4328,0,4309,3,19,4,0
4423,0,4332,0,91,84,0
4536,0,4427,1,109,95,0
4586,0,4540,2,46,29,0
4663,0,4590,3,73,51,0
4773,0,4667,0,106,86,0
4784,0,4777,1,7,0,3
4867,0,4788,2,79,66,0
4980,0,4871,3,109,90,0
5030,0,4984,0,46,29,0
5122,0,5034,1,88,51,0
5193,0,5126,2,67,50,0
5291,0,5197,3,94,73,0
5338,0,5295,0,43,28,0
5421,0,5342,1,79,62,0
5486,0,5425,2,61,43,0
5566,0,5490,3,76,67,0
5595,0,5570,0,25,9,0
5660,0,5599,1,61,55,0
5743,0,5664,2,79,61,0
5793,0,5747,3,46,23,0
5882,0,5797,0,85,68,0
5998,0,5886,1,112,94,0
6072,0,6002,2,70,48,0
6110,0,6076,3,34,0,0
6163,0,6114,0,49,37,0
6210,0,6167,1,43,26,0
6260,0,6214,2,46,27,0
6274,0,6264,3,10,1,0
6300,0,6278,0,22,12,0
6344,0,6304,1,40,33,0
6424,0,6348,2,76,59,0
6492,0,6428,3,64,52,0
6503,0,6496,0,7,0,5
6592,0,6507,1,85,76,0
6615,0,6596,2,19,7,0
6677,0,6619,3,58,51,0
6793,0,6681,0,112,99,0
6837,0,6797,1,40,27,0
6878,0,6841,2,37,24,0
6928,0,6882,3,46,40,0
6966,0,6932,0,34,24,0
7031,0,6970,1,61,54,0
7138,0,7035,2,103,94,0
7218,0,7142,3,76,59,0
7241,0,7222,0,19,2,0
7294,0,7245,1,49,29,0
7320,0,7298,2,22,6,0
7409,0,7324,3,85,71,0
7501,0,7413,0,88,63,0
7545,0,7505,1,40,22,0
7637,0,7549,2,88,42,0
7759,0,7641,3,118,95,0
7833,0,7763,0,70,43,0
7925,0,7837,1,88,40,0
7981,0,7929,2,52,10,0
8016,0,7985,3,31,1,0
8090,0,8020,0,70,44,0
8179,0,8094,1,85,60,0
8220,0,8183,2,37,8,0
8240,0,8224,3,16,0,6
8290,0,8244,0,46,25,0
8328,0,8294,1,34,22,0
8360,0,8332,2,28,0,1
8392,0,8364,3,28,7,0
8409,0,8396,0,13,1,0
8426,0,8413,1,13,4,0
8518,0,8430,2,88,73,0
8547,0,8522,3,25,1,0
8588,0,8551,0,37,13,0
8614,0,8592,1,22,3,0
8688,0,8618,2,70,58,0
8702,0,8692,3,10,0,6
8803,0,8706,0,97,78,0
8847,0,8807,1,40,20,0
8882,0,8851,2,31,14,0
8938,0,8886,3,52,9,0
8988,0,8942,0,46,28,0
9041,0,8992,1,49,34,0
9085,0,9045,2,40,0,2
9174,0,9089,3,85,58,0
9287,0,9178,0,109,87,0
9379,0,9291,1,88,59,0
9441,0,9383,2,58,21,0
9524,0,9445,3,79,33,0
9565,0,9528,0,37,10,0
9609,0,9569,1,40,6,0
9620,0,9613,2,7,0,5
9649,0,9624,3,25,15,0
9702,0,9653,0,49,35,0
9806,0,9706,1,100,88,0
9862,0,9810,2,52,20,0
9981,0,9866,3,115,83,0
10052,0,9985,0,67,25,0
10066,0,10056,1,10,0,11
10140,0,10070,2,70,51,0
10208,0,10144,3,64,30,0
10318,0,10212,0,106,95,0
10368,0,10322,1,46,0,7
10403,0,10372,2,31,0,2
10429,0,10407,3,22,0,2
10494,0,10433,0,61,42,0
10529,0,10498,1,31,0,1
10645,0,10533,2,112,87,0
10710,0,10649,3,61,23,0
10721,0,10714,0,7,0,10
10828,0,10725,1,103,69,0
10950,0,10832,2,118,91,0
11030,0,10954,3,76,46,0
11086,0,11034,0,52,0,11
11100,0,11090,1,10,0,19
11141,0,11104,2,37,9,0
11227,0,11145,3,82,54,0
11238,0,11231,0,7,0,25
11291,0,11242,1,49,0,11
11362,0,11295,2,67,33,0
11421,0,11366,3,55,25,0
11504,0,11425,0,79,0,3
11569,0,11508,1,61,0,2
11667,0,11573,2,94,52,0
11693,0,11671,3,22,0,10
11764,0,11697,0,67,0,2
11787,0,11768,1,19,0,16
11849,0,11791,2,58,33,0
11872,0,11853,3,19,0,18
11991,0,11876,0,115,72,0
12038,0,11995,1,43,0,16
12082,0,12042,2,40,5,0
12198,0,12086,3,112,30,0
12290,0,12202,0,88,33,0
12379,0,12294,1,85,0,2
12432,0,12383,2,49,0,5
12482,0,12436,3,46,5,0
12514,0,12486,0,28,0,7
12594,0,12518,1,76,19,0
12695,0,12598,2,97,49,0
12781,0,12699,3,82,17,0
12831,0,12785,0,46,0,6
12863,0,12835,1,28,0,14
12913,0,12867,2,46,3,0
12987,0,12917,3,70,39,0
13070,0,12991,0,79,8,0
13183,0,13074,1,109,32,0
13293,0,13187,2,106,10,0
13370,0,13297,3,73,11,0
13408,0,13374,0,34,0,20
13440,0,13412,1,28,0,15
13481,0,13444,2,37,0,16
13498,0,13485,3,13,0,9
13578,0,13502,0,76,11,0
13652,0,13582,1,70,2,0
13735,0,13656,2,79,0,4
13746,0,13739,3,7,0,29
13832,0,13750,0,82,11,0
13843,0,13836,1,7,0,27
13866,0,13847,2,19,0,23
13937,0,13870,3,67,0,9
13978,0,13941,0,37,0,3
14013,0,13982,1,31,0,20
14054,0,14017,2,37,0,17
14137,0,14058,3,79,15,0
14148,0,14141,0,7,0,17
14228,0,14152,1,76,0,6
14296,0,14232,2,64,0,6
14418,0,14300,3,118,47,0
14435,0,14422,0,13,0,34
14458,0,14439,1,19,0,30
14532,0,14462,2,70,0,9
14651,0,14536,3,115,83,0
14767,0,14655,0,112,35,0
14829,0,14771,1,58,0,10
14906,0,14833,2,73,0,10
14938,0,14910,3,28,0,23
15015,0,14942,0,73,16,0
15122,0,15019,1,103,5,0
15214,0,15126,2,88,0,3
15234,0,15218,3,16,0,33
15350,0,15238,0,112,20,0
15436,0,15354,1,82,0,4
15456,0,15440,2,16,0,33
15563,0,15460,3,103,16,0
15670,0,15567,0,103,27,0
15777,0,15674,1,103,18,0
15806,0,15781,2,25,0,28
15859,0,15810,3,49,0,20
15870,0,15863,0,7,0,33
15911,0,15874,1,37,3,0
15982,0,15915,2,67,0,13
16071,0,15986,3,85,0,3
16148,0,16075,0,73,0,0
16207,0,16152,1,55,0,15
16245,0,16211,2,34,0,25
16310,0,16249,3,61,0,16
16339,0,16314,0,25,0,29
16458,0,16343,1,115,33,0
16532,0,16462,2,70,0,10
16573,0,16536,3,37,0,19
16686,0,16577,0,109,37,0
16721,0,16690,1,31,0,24
16834,0,16725,2,109,11,0
16950,0,16838,3,112,13,0
17054,0,16954,0,100,26,0
17086,0,17058,1,28,0,25
17178,0,17090,2,88,0,2
17198,0,17182,3,16,0,33
17299,0,17202,0,97,51,0
17358,0,17303,1,55,0,16
17459,0,17362,2,97,0,1
17578,0,17463,3,115,26,0
17616,0,17582,0,34,0,25
17660,0,17620,1,40,0,20
17686,0,17664,2,22,0,30
17775,0,17690,3,85,52,0
17795,0,17779,0,16,0,33
17815,0,17799,1,16,0,33
17829,0,17819,2,10,0,35
17930,0,17833,3,97,73,0
17950,0,17934,0,16,0,33
18006,0,17954,1,52,0,15
18128,0,18010,2,118,27,0
18193,0,18132,3,61,0,3
18213,0,18197,0,16,0,33
18275,0,18217,1,58,0,8
18355,0,18279,2,76,0,2
18426,0,18359,3,67,0,3
18509,0,18430,0,79,0,3
18589,0,18513,1,76,10,0
18609,0,18593,2,16,0,33
18641,0,18613,3,28,0,27
18685,0,18645,0,40,0,8
18756,0,18689,1,67,25,0
18863,0,18760,2,103,12,0
18877,0,18867,3,10,0,35
18996,0,18881,0,115,43,0
19082,0,19000,1,82,0,2
19135,0,19086,2,49,0,20
19170,0,19139,3,31,0,26
19217,0,19174,0,43,0,4
19339,0,19221,1,118,50,0
19374,0,19343,2,31,0,26
19490,0,19378,3,112,28,0
19579,0,19494,0,85,4,0
19680,0,19583,1,97,24,0
19763,0,19684,2,79,0,5
19816,0,19767,3,49,0,19
19896,0,19820,0,76,0,1
19949,0,19900,1,49,0,16
19984,0,19953,2,31,0,27
20034,0,19988,3,46,0,22
20138,0,20038,0,100,32,0
20188,0,20142,1,46,0,17
20250,0,20192,2,58,0,16
20348,0,20254,3,94,6,0
20410,0,20352,0,58,0,5
20463,0,20414,1,49,0,15
20477,0,20467,2,10,0,35
20491,0,20481,3,10,0,26
20601,0,20495,0,106,47,0
20624,0,20605,1,19,0,32
20734,0,20628,2,106,16,0
20781,0,20738,3,43,0,22
20876,0,20785,0,91,65,0
20947,0,20880,1,67,0,7
21057,0,20951,2,106,24,0
21077,0,21061,3,16,0,33
21124,0,21081,0,43,2,0
21168,0,21128,1,40,0,12
21251,0,21172,2,79,32,0
21268,0,21255,3,13,0,34
21333,0,21272,0,61,23,0
21452,0,21337,1,115,37,0
21472,0,21456,2,16,0,19
21531,0,21476,3,55,0,15
21653,0,21535,0,118,68,0
21673,0,21657,1,16,0,22
21744,0,21677,2,67,0,10
21758,0,21748,3,10,0,35
21808,0,21762,0,46,26,0
21891,0,21812,1,79,0,4
21962,0,21895,2,67,0,8
22084,0,21966,3,118,27,0
22107,0,22088,0,19,0,11
22142,0,22111,1,31,0,17
22198,0,22146,2,52,0,2
22296,0,22202,3,94,49,0
22361,0,22300,0,61,0,3
22423,0,22365,1,58,0,5
22464,0,22427,2,37,3,0
22505,0,22468,3,37,0,8
22534,0,22509,0,25,0,2
22581,0,22538,1,43,0,0
22604,0,22585,2,19,0,4
22633,0,22608,3,25,0,23
22731,0,22637,0,94,77,0
22745,0,22735,1,10,0,7
22846,0,22749,2,97,73,0
22962,0,22850,3,112,31,0
23027,0,22966,0,61,38,0
23119,0,23031,1,88,24,0
23172,0,23123,2,49,16,0
23231,0,23176,3,55,26,0
23278,0,23235,0,43,22,0
23325,0,23282,1,43,18,0
23411,0,23329,2,82,62,0
23425,0,23415,3,10,0,4
23547,0,23429,0,118,98,0
23573,0,23551,1,22,0,2
23668,0,23577,2,91,61,0
23730,0,23672,3,58,11,0
23846,0,23734,0,112,91,0
23884,0,23850,1,34,3,0
23991,0,23888,2,103,65,0
24077,0,23995,3,82,35,0
24094,0,24081,0,13,0,7
24180,0,24098,1,82,45,0
24254,0,24184,2,70,51,0
24361,0,24258,3,103,78,0
24417,0,24365,0,52,3,0
24428,0,24421,1,7,0,11
24457,0,24432,2,25,3,0
24576,0,24461,3,115,97,0
24671,0,24580,0,91,68,0
24784,0,24675,1,109,50,0
24861,0,24788,2,73,23,0
24959,0,24865,3,94,54,0
25000,0,24963,0,37,0,1
25023,0,25004,1,19,0,4
25091,0,25027,2,64,39,0
25201,0,25095,3,106,91,0
25275,0,25205,0,70,40,0
25346,0,25279,1,67,27,0
25429,0,25350,2,79,52,0
25506,0,25433,3,73,43,0
25523,0,25510,0,13,0,4
25618,0,25527,1,91,80,0
25638,0,25622,2,16,2,0
25694,0,25642,3,52,43,0
25777,0,25698,0,79,58,0
25794,0,25781,1,13,0,2
25907,0,25798,2,109,102,0
25933,0,25911,3,22,4,0
25950,0,25937,0,13,3,0
25988,0,25954,1,34,19,0
26053,0,25992,2,61,54,0
26142,0,26057,3,85,73,0
26258,0,26146,0,112,97,0
26356,0,26262,1,94,77,0
26463,0,26360,2,103,86,0
26504,0,26467,3,37,19,0
26608,0,26508,0,100,80,0
26649,0,26612,1,37,17,0
26720,0,26653,2,67,57,0
26800,0,26724,3,76,65,0
26859,0,26804,0,55,33,0
26909,0,26863,1,46,28,0
27025,0,26913,2,112,102,0
27069,0,27029,3,40,28,0
27146,0,27073,0,73,45,0
27190,0,27150,1,40,20,0
27288,0,27194,2,94,82,0
27407,0,27292,3,115,95,0
27499,0,27411,0,88,59,0
27528,0,27503,1,25,0,2
27620,0,27532,2,88,71,0
27736,0,27624,3,112,101,0
27765,0,27740,0,25,5,0
27830,0,27769,1,61,40,0
27856,0,27834,2,22,2,0
27906,0,27860,3,46,41,0
27998,0,27910,0,88,81,0
28054,0,28002,1,52,40,0
28098,0,28058,2,40,12,0
28193,0,28102,3,91,77,0
28225,0,28197,0,28,8,0
28251,0,28229,1,22,4,0
28268,0,28255,2,13,1,0
28384,0,28272,3,112,105,0
28416,0,28388,0,28,19,0
28499,0,28420,1,79,66,0
28528,0,28503,2,25,5,0
28608,0,28532,3,76,63,0
28697,0,28612,0,85,68,0
28732,0,28701,1,31,22,0
28764,0,28736,2,28,9,0
28814,0,28768,3,46,34,0
28864,0,28818,0,46,34,0
28890,0,28868,1,22,7,0
29012,0,28894,2,118,109,0
29026,0,29016,3,10,0,0
29046,0,29030,0,16,0,0
29168,0,29050,1,118,104,0
29266,0,29172,2,94,82,0
29277,0,29270,3,7,0,4
29390,0,29281,0,109,88,0
29479,0,29394,1,85,60,0
29553,0,29483,2,70,54,0
29630,0,29557,3,73,49,0
29716,0,29634,0,82,64,0
29802,0,29720,1,82,70,0
29876,0,29806,2,70,45,0
29974,0,29880,3,94,82,0
30051,0,29978,0,73,59,0
30095,0,30055,1,40,25,0
30199,0,30099,2,100,85,0
30291,0,30203,3,88,76,0
30371,0,30295,0,76,56,0
30493,0,30375,1,118,94,0
30600,0,30497,2,103,91,0
30659,0,30604,3,55,28,0
30775,0,30663,0,112,92,0
30834,0,30779,1,55,31,0
30875,0,30838,2,37,21,0
30955,0,30879,3,76,63,0
31038,0,30959,0,79,65,0
31058,0,31042,1,16,0,2
31150,0,31062,2,88,78,0
31248,0,31154,3,94,79,0
31349,0,31252,0,97,88,0
31387,0,31353,1,34,8,0
31473,0,31391,2,82,61,0
31499,0,31477,3,22,10,0
31510,0,31503,0,7,0,5
31524,0,31514,1,10,6,0
31646,0,31528,2,118,111,0
31681,0,31650,3,31,21,0
31692,0,31685,0,7,0,12
31778,0,31696,1,82,70,0
31834,0,31782,2,52,43,0
31926,0,31838,3,88,78,0
31967,0,31930,0,37,0,1
32050,0,31971,1,79,67,0
32085,0,32054,2,31,19,0
32156,0,32089,3,67,52,0
32176,0,32160,0,16,0,4
32244,0,32180,1,64,52,0
32330,0,32248,2,82,73,0
32404,0,32334,3,70,58,0
32484,0,32408,0,76,45,0
32591,0,32488,1,103,96,0
