step,tl_id,start_at_step,stage,stage_time,time_beyond_queue_clearance,residual_queue
21,0,-1,0,22,21,0
92,0,25,1,67,66,0
118,0,96,2,22,18,0
219,0,122,3,97,96,0
326,0,223,0,103,102,0
409,0,330,1,79,72,0
420,0,413,2,7,0,1
497,0,424,3,73,72,0
553,0,501,0,52,48,0
672,0,557,1,115,111,0
707,0,676,2,31,27,0
799,0,711,3,88,87,0
858,0,803,0,55,51,0
872,0,862,1,10,6,0
889,0,876,2,13,6,0
927,0,893,3,34,33,0
983,0,931,0,52,51,0
1063,0,987,1,76,75,0
1077,0,1067,2,10,6,0
1115,0,1081,3,34,33,0
1171,0,1119,0,52,51,0
1263,0,1175,1,88,87,0
1280,0,1267,2,13,8,0
1318,0,1284,3,34,33,0
1371,0,1322,0,49,44,0
1451,0,1375,1,76,69,0
1564,0,1455,2,109,104,0
1632,0,1568,3,64,57,0
1685,0,1636,0,49,45,0
1765,0,1689,1,76,72,0
1779,0,1769,2,10,9,0
1883,0,1783,3,100,93,0
1939,0,1887,0,52,48,0
2019,0,1943,1,76,75,0
2033,0,2023,2,10,6,0
2074,0,2037,3,37,30,0
2085,0,2078,0,7,6,0
2177,0,2089,1,88,87,0
2194,0,2181,2,13,12,0
2316,0,2198,3,118,117,0
2372,0,2320,0,52,48,0
2386,0,2376,1,10,3,0
2403,0,2390,2,13,12,0
2480,0,2407,3,73,72,0
2563,0,2484,0,79,75,0
2577,0,2567,1,10,9,0
2603,0,2581,2,22,18,0
2635,0,2607,3,28,27,0
2673,0,2639,0,34,30,0
2687,0,2677,1,10,9,0
2704,0,2691,2,13,12,0
2805,0,2708,3,97,93,0
2906,0,2809,0,97,93,0
2992,0,2910,1,82,77,0
3024,0,2996,2,28,16,0
3062,0,3028,3,34,33,0
3133,0,3066,0,67,63,0
3147,0,3137,1,10,9,0
3161,0,3151,2,10,9,0
3199,0,3165,3,34,33,0
3225,0,3203,0,22,21,0
3296,0,3229,1,67,66,0
3310,0,3300,2,10,9,0
3357,0,3314,3,43,39,0
3437,0,3361,0,76,72,0
3517,0,3441,1,76,75,0
3549,0,3521,2,28,16,0
3581,0,3553,3,28,23,0
3703,0,3585,0,118,114,0
3816,0,3707,1,109,105,0
3917,0,3820,2,97,88,0
3958,0,3921,3,37,27,0
4050,0,3962,0,88,73,0
4133,0,4054,1,79,68,0
4198,0,4137,2,61,52,0
4221,0,4202,3,19,1,0
4253,0,4225,0,28,19,0
4366,0,4257,1,109,105,0
4425,0,4370,2,55,46,0
4490,0,4429,3,61,50,0
4555,0,4494,0,61,45,0
4674,0,4559,1,115,110,0
4739,0,4678,2,61,45,0
4834,0,4743,3,91,77,0
4866,0,4838,0,28,16,0
4946,0,4870,1,76,69,0
4978,0,4950,2,28,24,0
5085,0,4982,3,103,93,0
5105,0,5089,0,16,7,0
5146,0,5109,1,37,36,0
5157,0,5150,2,7,0,2
5234,0,5161,3,73,69,0
5347,0,5238,0,109,99,0
5361,0,5351,1,10,1,0
5402,0,5365,2,37,25,0
5509,0,5406,3,103,91,0
5622,0,5513,0,109,102,0
5741,0,5626,1,115,102,0
5830,0,5745,2,85,71,0
5895,0,5834,3,61,51,0
5987,0,5899,0,88,73,0
6001,0,5991,1,10,0,0
6069,0,6005,2,64,55,0
6164,0,6073,3,91,76,0
6223,0,6168,0,55,48,0
6276,0,6227,1,49,37,0
6287,0,6280,2,7,0,1
6361,0,6291,3,70,66,0
6474,0,6365,0,109,99,0
6488,0,6478,1,10,1,0
6547,0,6492,2,55,43,0
6654,0,6551,3,103,88,0
6767,0,6658,0,109,102,0
6832,0,6771,1,61,49,0
6900,0,6836,2,64,55,0
7001,0,6904,3,97,83,0
7081,0,7005,0,76,64,0
7146,0,7085,1,61,51,0
7160,0,7150,2,10,0,1
7264,0,7164,3,100,84,0
7296,0,7268,0,28,18,0
7376,0,7300,1,76,53,0
7480,0,7380,2,100,60,0
7509,0,7484,3,25,0,13
7550,0,7513,0,37,0,8
7672,0,7554,1,118,71,0
7692,0,7676,2,16,0,11
7751,0,7696,3,55,0,7
7801,0,7755,0,46,0,12
7872,0,7805,1,67,29,0
7910,0,7876,2,34,0,14
7951,0,7914,3,37,0,19
7989,0,7955,0,34,0,11
8063,0,7993,1,70,49,0
8140,0,8067,2,73,0,3
8262,0,8144,3,118,40,0
8336,0,8266,0,70,0,9
8440,0,8340,1,100,34,0
8553,0,8444,2,109,26,0
8576,0,8557,3,19,0,21
8620,0,8580,0,40,0,22
8715,0,8624,1,91,41,0
8795,0,8719,2,76,38,0
8860,0,8799,3,61,0,14
8886,0,8864,0,22,0,31
8954,0,8890,1,64,30,0
9058,0,8958,2,100,64,0
9150,0,9062,3,88,0,1
9182,0,9154,0,28,0,28
9244,0,9186,1,58,11,0
9270,0,9248,2,22,0,10
9377,0,9274,3,103,32,0
9457,0,9381,0,76,0,9
9528,0,9461,1,67,17,0
9557,0,9532,2,25,0,26
9574,0,9561,3,13,0,5
9696,0,9578,0,118,30,0
9809,0,9700,1,109,60,0
9913,0,9813,2,100,10,0
9978,0,9917,3,61,0,7
10100,0,9982,0,118,20,0
10153,0,10104,1,49,0,5
10215,0,10157,2,58,0,14
10283,0,10219,3,64,0,6
10324,0,10287,0,37,0,10
10437,0,10328,1,109,47,0
10508,0,10441,2,67,0,3
10624,0,10512,3,112,26,0
10677,0,10628,0,49,0,11
10742,0,10681,1,61,0,5
10810,0,10746,2,64,0,12
10890,0,10814,3,76,45,0
10988,0,10894,0,94,13,0
11032,0,10992,1,40,0,24
11076,0,11036,2,40,0,21
11096,0,11080,3,16,0,22
11161,0,11100,0,61,1,0
11235,0,11165,1,70,0,4
11276,0,11239,2,37,0,22
11332,0,11280,3,52,0,9
11358,0,11336,0,22,0,28
11465,0,11362,1,103,17,0
11506,0,11469,2,37,0,24
11526,0,11510,3,16,0,33
11615,0,11530,0,85,0,4
11665,0,11619,1,46,0,19
11769,0,11669,2,100,14,0
11852,0,11773,3,79,0,5
11881,0,11856,0,25,0,29
11976,0,11885,1,91,4,0
11990,0,11980,2,10,0,34
12037,0,11994,3,43,0,16
12069,0,12041,0,28,0,28
12143,0,12073,1,70,5,0
12178,0,12147,2,31,0,27
12258,0,12182,3,76,3,0
12278,0,12262,0,16,0,33
12328,0,12282,1,46,0,9
12417,0,12332,2,85,0,2
12464,0,12421,3,43,0,12
12478,0,12468,0,10,0,35
12519,0,12482,1,37,0,19
12533,0,12523,2,10,0,25
12616,0,12537,3,79,19,0
12723,0,12620,0,103,35,0
12767,0,12727,1,40,0,23
12856,0,12771,2,85,0,4
12891,0,12860,3,31,0,26
12905,0,12895,0,10,0,26
13003,0,12909,1,94,0,1
13125,0,13007,2,118,22,0
13166,0,13129,3,37,0,25
13288,0,13170,0,118,42,0
13308,0,13292,1,16,0,33
13340,0,13312,2,28,0,27
13384,0,13344,3,40,0,21
13464,0,13388,0,76,41,0
13580,0,13468,1,112,17,0
13639,0,13584,2,55,0,16
13659,0,13643,3,16,0,33
13721,0,13663,0,58,0,2
13822,0,13725,1,97,17,0
13836,0,13826,2,10,0,35
13871,0,13840,3,31,0,22
13945,0,13875,0,70,3,0
13974,0,13949,1,25,0,13
14072,0,13978,2,94,3,0
14104,0,14076,3,28,0,28
14187,0,14108,0,79,14,0
14309,0,14191,1,118,33,0
14353,0,14313,2,40,0,23
14448,0,14357,3,91,5,0
14510,0,14452,0,58,0,7
14590,0,14514,1,76,13,0
14709,0,14594,2,115,25,0
14780,0,14713,3,67,0,6
14851,0,14784,0,67,0,4
14940,0,14855,1,85,9,0
15020,0,14944,2,76,0,4
15085,0,15024,3,61,0,11
15111,0,15089,0,22,0,31
15176,0,15115,1,61,0,4
15253,0,15180,2,73,0,9
15363,0,15257,3,106,15,0
15425,0,15367,0,58,0,10
15526,0,15429,1,97,16,0
15594,0,15530,2,64,0,13
15716,0,15598,3,118,23,0
15790,0,15720,0,70,0,5
15909,0,15794,1,115,41,0
15938,0,15913,2,25,0,29
15967,0,15942,3,25,0,23
16023,0,15971,0,52,0,12
16118,0,16027,1,91,46,0
16162,0,16122,2,40,0,22
16257,0,16166,3,91,20,0
16340,0,16261,0,79,0,1
16429,0,16344,1,85,0,1
16503,0,16433,2,70,0,10
16625,0,16507,3,118,27,0
16639,0,16629,0,10,0,35
16722,0,16643,1,79,0,1
16742,0,16726,2,16,0,33
16831,0,16746,3,85,42,0
16902,0,16835,0,67,0,4
16967,0,16906,1,61,0,12
17008,0,16971,2,37,0,23
17025,0,17012,3,13,0,18
17123,0,17029,0,94,32,0
17179,0,17127,1,52,0,15
17202,0,17183,2,19,0,31
17318,0,17206,3,112,17,0
17329,0,17322,0,7,0,23
17439,0,17333,1,106,23,0
17543,0,17443,2,100,8,0
17590,0,17547,3,43,0,15
17676,0,17594,0,82,5,0
17702,0,17680,1,22,0,26
17818,0,17706,2,112,45,0
17880,0,17822,3,58,0,14
17915,0,17884,0,31,0,20
17941,0,17919,1,22,0,31
18030,0,17945,2,85,29,0
18083,0,18034,3,49,0,18
18196,0,18087,0,109,20,0
18219,0,18200,1,19,0,32
18263,0,18223,2,40,0,15
18325,0,18267,3,58,0,11
18438,0,18329,0,109,64,0
18554,0,18442,1,112,29,0
18676,0,18558,2,118,27,0
18750,0,18680,3,70,0,5
18788,0,18754,0,34,0,22
18799,0,18792,1,7,0,34
18891,0,18803,2,88,45,0
18923,0,18895,3,28,0,16
19027,0,18927,0,100,24,0
19134,0,19031,1,103,23,0
19211,0,19138,2,73,0,2
19267,0,19215,3,52,0,13
19290,0,19271,0,19,0,32
19376,0,19294,1,82,33,0
19471,0,19380,2,91,10,0
19581,0,19475,3,106,19,0
19652,0,19585,0,67,0,9
19744,0,19656,1,88,57,0
19758,0,19748,2,10,0,35
19799,0,19762,3,37,0,13
19813,0,19803,0,10,0,31
19854,0,19817,1,37,36,0
19886,0,19858,2,28,0,28
19963,0,19890,3,73,2,0
20085,0,19967,0,118,41,0
20096,0,20089,1,7,6,0
20173,0,20100,2,73,0,9
20256,0,20177,3,79,40,0
20270,0,20260,0,10,0,28
20347,0,20274,1,73,72,0
20358,0,20351,2,7,0,15
20381,0,20362,3,19,18,0
20422,0,20385,0,37,0,21
20445,0,20426,1,19,18,0
20567,0,20449,2,118,78,0
20656,0,20571,3,85,84,0
20691,0,20660,0,31,0,28
20741,0,20695,1,46,45,0
20821,0,20745,2,76,75,0
20910,0,20825,3,85,84,0
20981,0,20914,0,67,0,12
20995,0,20985,1,10,9,0
21024,0,20999,2,25,24,0
21071,0,21028,3,43,42,0
21133,0,21075,0,58,0,6
21147,0,21137,1,10,9,0
21203,0,21151,2,52,51,0
21319,0,21207,3,112,111,0
21381,0,21323,0,58,0,9
21425,0,21385,1,40,39,0
21481,0,21429,2,52,51,0
21507,0,21485,3,22,21,0
21533,0,21511,0,22,0,2
21619,0,21537,1,82,81,0
21705,0,21623,2,82,81,0
21824,0,21709,3,115,114,0
