step,tl_id,start_at_step,stage,stage_time,time_beyond_queue_clearance,residual_queue
21,0,-1,0,22,21,0
56,0,25,1,31,30,0
145,0,60,2,85,84,0
264,0,149,3,115,111,0
350,0,268,0,82,81,0
367,0,354,1,13,4,0
396,0,371,2,25,21,0
497,0,400,3,97,96,0
511,0,501,0,10,6,0
606,0,515,1,91,90,0
707,0,610,2,97,93,0
793,0,711,3,82,81,0
864,0,797,0,67,63,0
977,0,868,1,109,100,0
1000,0,981,2,19,12,0
1041,0,1004,3,37,33,0
1055,0,1045,0,10,9,0
1072,0,1059,1,13,9,0
1131,0,1076,2,55,51,0
1232,0,1135,3,97,96,0
1312,0,1236,0,76,72,0
1434,0,1316,1,118,111,0
1553,0,1438,2,115,108,0
1636,0,1557,3,79,72,0
1656,0,1640,0,16,12,0
1679,0,1660,1,19,15,0
1789,0,1683,2,106,105,0
1806,0,1793,3,13,6,0
1817,0,1810,0,7,6,0
1939,0,1821,1,118,117,0
2025,0,1943,2,82,78,0
2057,0,2029,3,28,16,0
2158,0,2061,0,97,96,0
2253,0,2162,1,91,84,0
2342,0,2257,2,85,80,0
2389,0,2346,3,43,42,0
2460,0,2393,0,67,62,0
2537,0,2464,1,73,69,0
2575,0,2541,2,34,29,0
2652,0,2579,3,73,72,0
2732,0,2656,0,76,66,0
2815,0,2736,1,79,78,0
2850,0,2819,2,31,24,0
2951,0,2854,3,97,92,0
2965,0,2955,0,10,3,0
3081,0,2969,1,112,108,0
3164,0,3085,2,79,69,0
3208,0,3168,3,40,36,0
3234,0,3212,0,22,15,0
3353,0,3238,1,115,114,0
3391,0,3357,2,34,33,0
3423,0,3395,3,28,21,0
3464,0,3427,0,37,30,0
3511,0,3468,1,43,42,0
3531,0,3515,2,16,5,0
3572,0,3535,3,37,36,0
3595,0,3576,0,19,15,0
3678,0,3599,1,79,78,0
3782,0,3682,2,100,93,0
3820,0,3786,3,34,25,0
3894,0,3824,0,70,63,0
3950,0,3898,1,52,35,0
3991,0,3954,2,37,33,0
4017,0,3995,3,22,21,0
4091,0,4021,0,70,61,0
4210,0,4095,1,115,108,0
4275,0,4214,2,61,54,0
4379,0,4279,3,100,85,0
4426,0,4383,0,43,31,0
4497,0,4430,1,67,63,0
4562,0,4501,2,61,46,0
4579,0,4566,3,13,6,0
4614,0,4583,0,31,17,0
4643,0,4618,1,25,21,0
4666,0,4647,2,19,10,0
4773,0,4670,3,103,102,0
4793,0,4777,0,16,9,0
4807,0,4797,1,10,1,0
4842,0,4811,2,31,24,0
4853,0,4846,3,7,3,0
4879,0,4857,0,22,21,0
4944,0,4883,1,61,60,0
5018,0,4948,2,70,69,0
5110,0,5022,3,88,75,0
5163,0,5114,0,49,39,0
5207,0,5167,1,40,31,0
5233,0,5211,2,22,10,0
5259,0,5237,3,22,10,0
5300,0,5263,0,37,30,0
5362,0,5304,1,58,57,0
5382,0,5366,2,16,9,0
5396,0,5386,3,10,0,0
5410,0,5400,0,10,9,0
5427,0,5414,1,13,8,0
5477,0,5431,2,46,42,0
5548,0,5481,3,67,66,0
5622,0,5552,0,70,63,0
5693,0,5626,1,67,60,0
5809,0,5697,2,112,101,0
5862,0,5813,3,49,40,0
5885,0,5866,0,19,5,0
5968,0,5889,1,79,69,0
6015,0,5972,2,43,39,0
6131,0,6019,3,112,96,0
6187,0,6135,0,52,45,0
6309,0,6191,1,118,108,0
6359,0,6313,2,46,31,0
6400,0,6363,3,37,28,0
6507,0,6404,0,103,93,0
6554,0,6511,1,43,36,0
6583,0,6558,2,25,18,0
6597,0,6587,3,10,0,1
6638,0,6601,0,37,33,0
6667,0,6642,1,25,21,0
6732,0,6671,2,61,60,0
6848,0,6736,3,112,111,0
6970,0,6852,0,118,103,0
7053,0,6974,1,79,66,0
7085,0,7057,2,28,16,0
7159,0,7089,3,70,48,0
7257,0,7163,0,94,87,0
7319,0,7261,1,58,37,0
7330,0,7323,2,7,0,8
7371,0,7334,3,37,2,0
7409,0,7375,0,34,12,0
7429,0,7413,1,16,0,3
7494,0,7433,2,61,21,0
7598,0,7498,3,100,71,0
7615,0,7602,0,13,0,16
7731,0,7619,1,112,51,0
7772,0,7735,2,37,0,4
7786,0,7776,3,10,0,12
7884,0,7790,0,94,15,0
7997,0,7888,1,109,76,0
8032,0,8001,2,31,0,19
8124,0,8036,3,88,1,0
8165,0,8128,0,37,0,12
8254,0,8169,1,85,51,0
8304,0,8258,2,46,0,17
8402,0,8308,3,94,53,0
8425,0,8406,0,19,0,31
8499,0,8429,1,70,20,0
8579,0,8503,2,76,0,4
8635,0,8583,3,52,2,0
8685,0,8639,0,46,0,20
8768,0,8689,1,79,15,0
8782,0,8772,2,10,0,27
8904,0,8786,3,118,88,0
8966,0,8908,0,58,0,14
8989,0,8970,1,19,0,10
9039,0,8993,2,46,0,14
9092,0,9043,3,49,0,7
9103,0,9096,0,7,0,36
9156,0,9107,1,49,0,1
9251,0,9160,2,91,13,0
9268,0,9255,3,13,0,21
9291,0,9272,0,19,0,32
9338,0,9295,1,43,13,0
9397,0,9342,2,55,7,0
9441,0,9401,3,40,0,10
9476,0,9445,0,31,0,27
9544,0,9480,1,64,23,0
9558,0,9548,2,10,0,17
9632,0,9562,3,70,26,0
9694,0,9636,0,58,0,12
9744,0,9698,1,46,0,1
9800,0,9748,2,52,0,14
9814,0,9804,3,10,0,9
9834,0,9818,0,16,0,28
9947,0,9838,1,109,84,0
9958,0,9951,2,7,0,33
10062,0,9962,3,100,44,0
10157,0,10066,0,91,0,3
10252,0,10161,1,91,53,0
10341,0,10256,2,85,10,0
10376,0,10345,3,31,0,13
10399,0,10380,0,19,0,32
10470,0,10403,1,67,34,0
10547,0,10474,2,73,21,0
10624,0,10551,3,73,3,0
10662,0,10628,0,34,0,22
10742,0,10666,1,76,14,0
10840,0,10746,2,94,24,0
10935,0,10844,3,91,32,0
10976,0,10939,0,37,0,17
11020,0,10980,1,40,0,19
11139,0,11024,2,115,40,0
11177,0,11143,3,34,0,16
11251,0,11181,0,70,0,1
11295,0,11255,1,40,0,16
11321,0,11299,2,22,0,11
11380,0,11325,3,55,0,14
11421,0,11384,0,37,0,13
11468,0,11425,1,43,0,18
11518,0,11472,2,46,0,19
11580,0,11522,3,58,0,11
11657,0,11584,0,73,0,3
11683,0,11661,1,22,0,30
11784,0,11687,2,97,21,0
11795,0,11788,3,7,0,36
11806,0,11799,0,7,0,36
11820,0,11810,1,10,0,35
11936,0,11824,2,112,83,0
11953,0,11940,3,13,0,34
12057,0,11957,0,100,35,0
12128,0,12061,1,67,0,9
12190,0,12132,2,58,0,8
12297,0,12194,3,103,17,0
12332,0,12301,0,31,0,20
12349,0,12336,1,13,0,34
12438,0,12353,2,85,0,5
12479,0,12442,3,37,0,6
12568,0,12483,0,85,3,0
12627,0,12572,1,55,0,17
12707,0,12631,2,76,0,8
12829,0,12711,3,118,24,0
12951,0,12833,0,118,43,0
12983,0,12955,1,28,0,25
13075,0,12987,2,88,0,3
13170,0,13079,3,91,8,0
13205,0,13174,0,31,0,22
13261,0,13209,1,52,0,18
13305,0,13265,2,40,0,22
13397,0,13309,3,88,26,0
13492,0,13401,0,91,9,0
13560,0,13496,1,64,0,13
13619,0,13564,2,55,0,16
13672,0,13623,3,49,0,10
13794,0,13676,0,118,47,0
13838,0,13798,1,40,0,24
13948,0,13842,2,106,9,0
14016,0,13952,3,64,0,11
14126,0,14020,0,106,37,0
14221,0,14130,1,91,0,1
14334,0,14225,2,109,19,0
14456,0,14338,3,118,45,0
14485,0,14460,0,25,0,29
14607,0,14489,1,118,18,0
14648,0,14611,2,37,0,25
14689,0,14652,3,37,0,13
14796,0,14693,0,103,12,0
14837,0,14800,1,37,0,24
14890,0,14841,2,49,0,19
14961,0,14894,3,67,0,12
14990,0,14965,0,25,0,18
15007,0,14994,1,13,0,34
15087,0,15011,2,76,0,9
15176,0,15091,3,85,0,4
15187,0,15180,0,7,0,36
15225,0,15191,1,34,0,26
15251,0,15229,2,22,0,29
15286,0,15255,3,31,0,8
15345,0,15290,0,55,0,16
15401,0,15349,1,52,0,10
15514,0,15405,2,109,13,0
15552,0,15518,3,34,0,23
15674,0,15556,0,118,33,0
15781,0,15678,1,103,20,0
15840,0,15785,2,55,0,17
15923,0,15844,3,79,0,3
16039,0,15927,0,112,29,0
16125,0,16043,1,82,4,0
16160,0,16129,2,31,0,26
16186,0,16164,3,22,0,31
16233,0,16190,0,43,0,2
16322,0,16237,1,85,38,0
16396,0,16326,2,70,0,9
16503,0,16400,3,103,12,0
16520,0,16507,0,13,0,34
16588,0,16524,1,64,0,6
16680,0,16592,2,88,0,2
16715,0,16684,3,31,0,27
16735,0,16719,0,16,0,33
16851,0,16739,1,112,38,0
16952,0,16855,2,97,2,0
17068,0,16956,3,112,17,0
17109,0,17072,0,37,0,16
17123,0,17113,1,10,0,32
17233,0,17127,2,106,21,0
17340,0,17237,3,103,37,0
17456,0,17344,0,112,29,0
17527,0,17460,1,67,0,9
17565,0,17531,2,34,0,20
17654,0,17569,3,85,0,1
17683,0,17658,0,25,0,29
17754,0,17687,1,67,0,3
17789,0,17758,2,31,0,26
17905,0,17793,3,112,32,0
17961,0,17909,0,52,0,15
18071,0,17965,1,106,39,0
18133,0,18075,2,58,0,6
18204,0,18137,3,67,0,2
18290,0,18208,0,82,6,0
18385,0,18294,1,91,4,0
18402,0,18389,2,13,0,34
18413,0,18406,3,7,0,36
18442,0,18417,0,25,0,16
18528,0,18446,1,82,46,0
18614,0,18532,2,82,16,0
18721,0,18618,3,103,11,0
18813,0,18725,0,88,16,0
18899,0,18817,1,82,0,3
18925,0,18903,2,22,0,31
18948,0,18929,3,19,0,25
19061,0,18952,0,109,56,0
19177,0,19065,1,112,30,0
19188,0,19181,2,7,0,36
19310,0,19192,3,118,24,0
19399,0,19314,0,85,12,0
19512,0,19403,1,109,27,0
19568,0,19516,2,52,0,11
19600,0,19572,3,28,0,4
19686,0,19604,0,82,16,0
19703,0,19690,1,13,0,19
19801,0,19707,2,94,17,0
19821,0,19805,3,16,6,0
19859,0,19825,0,34,0,12
19879,0,19863,1,16,0,32
19899,0,19883,2,16,0,3
19910,0,19903,3,7,6,0
19966,0,19914,0,52,0,10
20064,0,19970,1,94,16,0
20144,0,20068,2,76,69,0
20212,0,20148,3,64,63,0
20301,0,20216,0,85,0,4
20360,0,20305,1,55,0,8
20431,0,20364,2,67,66,0
20481,0,20435,3,46,45,0
20531,0,20485,0,46,0,20
20641,0,20535,1,106,28,0
20706,0,20645,2,61,60,0
20762,0,20710,3,52,51,0
20776,0,20766,0,10,0,35
20835,0,20780,1,55,13,0
20915,0,20839,2,76,75,0
20941,0,20919,3,22,21,0
20961,0,20945,0,16,0,33
20978,0,20965,1,13,12,0
21013,0,20982,2,31,30,0
21108,0,21017,3,91,90,0
21128,0,21112,0,16,0,32
21202,0,21132,1,70,69,0
21231,0,21206,2,25,24,0
21317,0,21235,3,82,81,0
21340,0,21321,0,19,0,26
21372,0,21344,1,28,27,0
21473,0,21376,2,97,96,0
21544,0,21477,3,67,66,0
21603,0,21548,0,55,0,4
21674,0,21607,1,67,66,0
21724,0,21678,2,46,45,0
21747,0,21728,3,19,18,0
