step,tl_id,start_at_step,stage,stage_time,time_beyond_queue_clearance,residual_queue
21,0,-1,0,22,21,0
44,0,25,1,19,18,0
136,0,48,2,88,87,0
189,0,140,3,49,45,0
230,0,193,0,37,36,0
304,0,234,1,70,66,0
333,0,308,2,25,18,0
389,0,337,3,52,48,0
460,0,393,0,67,62,0
579,0,464,1,115,108,0
638,0,583,2,55,51,0
754,0,642,3,112,111,0
864,0,758,0,106,102,0
887,0,868,1,19,10,0
907,0,891,2,16,3,0
963,0,911,3,52,47,0
1004,0,967,0,37,36,0
1078,0,1008,1,70,69,0
1125,0,1082,2,43,36,0
1181,0,1129,3,52,51,0
1282,0,1185,0,97,93,0
1356,0,1286,1,70,63,0
1415,0,1360,2,55,51,0
1531,0,1419,3,112,111,0
1572,0,1535,0,37,36,0
1646,0,1576,1,70,66,0
1705,0,1650,2,55,48,0
1722,0,1709,3,13,8,0
1772,0,1726,0,46,42,0
1858,0,1776,1,82,81,0
1917,0,1862,2,55,54,0
1958,0,1921,3,37,28,0
2005,0,1962,0,43,42,0
2040,0,2009,1,31,27,0
2147,0,2044,2,103,102,0
2203,0,2151,3,52,51,0
2295,0,2207,0,88,87,0
2366,0,2299,1,67,58,0
2395,0,2370,2,25,21,0
2451,0,2399,3,52,51,0
2552,0,2455,0,97,92,0
2671,0,2556,1,115,111,0
2700,0,2675,2,25,18,0
2756,0,2704,3,52,45,0
2866,0,2760,0,106,100,0
2889,0,2870,1,19,14,0
2936,0,2893,2,43,34,0
2953,0,2940,3,13,12,0
3054,0,2957,0,97,93,0
3128,0,3058,1,70,69,0
3187,0,3132,2,55,48,0
3306,0,3191,3,115,108,0
3428,0,3310,0,118,109,0
3535,0,3432,1,103,99,0
3561,0,3539,2,22,11,0
3617,0,3565,3,52,45,0
3631,0,3621,0,10,6,0
3705,0,3635,1,70,69,0
3767,0,3709,2,58,51,0
3838,0,3771,3,67,57,0
3915,0,3842,0,73,64,0
3971,0,3919,1,52,37,0
4000,0,3975,2,25,18,0
4017,0,4004,3,13,8,0
4127,0,4021,0,106,99,0
4228,0,4131,1,97,89,0
4293,0,4232,2,61,52,0
4325,0,4297,3,28,12,0
4447,0,4329,0,118,106,0
4548,0,4451,1,97,93,0
4652,0,4552,2,100,83,0
4756,0,4656,3,100,94,0
4839,0,4760,0,79,67,0
4862,0,4843,1,19,5,0
4900,0,4866,2,34,25,0
4956,0,4904,3,52,45,0
5051,0,4960,0,91,86,0
5164,0,5055,1,109,97,0
5175,0,5168,2,7,0,3
5252,0,5179,3,73,59,0
5374,0,5256,0,118,106,0
5484,0,5378,1,106,97,0
5567,0,5488,2,79,65,0
5611,0,5571,3,40,26,0
5733,0,5615,0,118,108,0
5747,0,5737,1,10,0,0
5809,0,5751,2,58,38,0
5826,0,5813,3,13,9,0
5921,0,5830,0,91,83,0
5968,0,5925,1,43,36,0
6045,0,5972,2,73,69,0
6056,0,6049,3,7,0,5
6154,0,6060,0,94,93,0
6207,0,6158,1,49,42,0
6296,0,6211,2,85,78,0
6340,0,6300,3,40,20,0
6423,0,6344,0,79,69,0
6527,0,6427,1,100,90,0
6538,0,6531,2,7,0,1
6630,0,6542,3,88,73,0
6701,0,6634,0,67,60,0
6793,0,6705,1,88,78,0
6813,0,6797,2,16,6,0
6911,0,6817,3,94,87,0
7033,0,6915,0,118,103,0
7074,0,7037,1,37,30,0
7157,0,7078,2,79,65,0
7246,0,7161,3,85,67,0
7338,0,7250,0,88,81,0
7367,0,7342,1,25,0,7
7441,0,7371,2,70,34,0
7515,0,7445,3,70,26,0
7613,0,7519,0,94,45,0
7717,0,7617,1,100,21,0
7782,0,7721,2,61,8,0
7880,0,7786,3,94,34,0
7996,0,7884,0,112,51,0
8097,0,8000,1,97,32,0
8171,0,8101,2,70,0,5
8227,0,8175,3,52,0,8
8319,0,8231,0,88,31,0
8369,0,8323,1,46,0,7
8383,0,8373,2,10,0,24
8502,0,8387,3,115,69,0
8525,0,8506,0,19,0,15
8605,0,8529,1,76,7,0
8676,0,8609,2,67,0,10
8750,0,8680,3,70,39,0
8866,0,8754,0,112,22,0
8934,0,8870,1,64,0,7
8960,0,8938,2,22,0,31
8986,0,8964,3,22,0,17
9039,0,8990,0,49,7,0
9110,0,9043,1,67,16,0
9151,0,9114,2,37,0,17
9249,0,9155,3,94,6,0
9341,0,9253,0,88,34,0
9382,0,9345,1,37,0,4
9420,0,9386,2,34,0,19
9431,0,9424,3,7,0,21
9451,0,9435,0,16,0,3
9531,0,9455,1,76,44,0
9620,0,9535,2,85,0,2
9640,0,9624,3,16,0,25
9753,0,9644,0,109,52,0
9776,0,9757,1,19,0,19
9892,0,9780,2,112,39,0
9906,0,9896,3,10,0,35
9923,0,9910,0,13,0,9
10036,0,9927,1,109,40,0
10089,0,10040,2,49,1,0
10130,0,10093,3,37,0,24
10180,0,10134,0,46,0,7
10248,0,10184,1,64,35,0
10289,0,10252,2,37,0,9
10381,0,10293,3,88,0,1
10431,0,10385,0,46,0,12
10448,0,10435,1,13,0,13
10507,0,10452,2,55,1,0
10617,0,10511,3,106,31,0
10643,0,10621,0,22,0,31
10759,0,10647,1,112,38,0
10830,0,10763,2,67,0,3
10901,0,10834,3,67,8,0
10915,0,10905,0,10,0,35
10968,0,10919,1,49,0,5
10988,0,10972,2,16,0,24
11029,0,10992,3,37,0,9
11058,0,11033,0,25,0,29
11117,0,11062,1,55,0,2
11149,0,11121,2,28,0,26
11178,0,11153,3,25,0,28
11288,0,11182,0,106,37,0
11308,0,11292,1,16,0,32
11385,0,11312,2,73,0,7
11408,0,11389,3,19,0,31
11434,0,11412,0,22,0,17
11463,0,11438,1,25,0,30
11552,0,11467,2,85,40,0
11611,0,11556,3,55,0,10
11658,0,11615,0,43,0,16
11777,0,11662,1,115,25,0
11842,0,11781,2,61,0,13
11877,0,11846,3,31,0,25
11903,0,11881,0,22,0,30
11944,0,11907,1,37,0,16
12030,0,11948,2,82,6,0
12074,0,12034,3,40,0,20
12100,0,12078,0,22,0,30
12147,0,12104,1,43,0,19
12179,0,12151,2,28,0,27
12223,0,12183,3,40,0,10
12342,0,12227,0,115,36,0
12413,0,12346,1,67,0,11
12508,0,12417,2,91,2,0
12612,0,12512,3,100,22,0
12728,0,12616,0,112,33,0
12757,0,12732,1,25,0,28
12879,0,12761,2,118,21,0
12926,0,12883,3,43,0,23
12976,0,12930,0,46,0,12
13071,0,12980,1,91,4,0
13103,0,13075,2,28,0,28
13198,0,13107,3,91,14,0
13215,0,13202,0,13,0,34
13331,0,13219,1,112,38,0
13408,0,13335,2,73,0,8
13437,0,13412,3,25,0,27
13529,0,13441,0,88,9,0
13573,0,13533,1,40,0,21
13686,0,13577,2,109,11,0
13802,0,13690,3,112,18,0
13843,0,13806,0,37,0,16
13920,0,13847,1,73,0,9
13976,0,13924,2,52,0,16
14050,0,13980,3,70,0,1
14088,0,14054,0,34,0,26
14210,0,14092,1,118,27,0
14272,0,14214,2,58,0,13
14298,0,14276,3,22,0,30
14399,0,14302,0,97,14,0
14434,0,14403,1,31,0,16
14496,0,14438,2,58,0,14
14555,0,14500,3,55,0,13
14638,0,14559,0,79,14,0
14700,0,14642,1,58,0,9
14804,0,14704,2,100,3,0
14815,0,14808,3,7,0,36
14838,0,14819,0,19,0,25
14900,0,14842,1,58,0,9
14968,0,14904,2,64,0,2
14979,0,14972,3,7,0,36
15071,0,14983,0,88,8,0
15091,0,15075,1,16,0,33
15165,0,15095,2,70,0,2
15284,0,15169,3,115,26,0
15316,0,15288,0,28,0,21
15432,0,15320,1,112,32,0
15545,0,15436,2,109,15,0
15565,0,15549,3,16,0,33
15651,0,15569,0,82,5,0
15731,0,15655,1,76,2,0
15769,0,15735,2,34,0,12
15831,0,15773,3,58,0,15
15908,0,15835,0,73,0,5
16030,0,15912,1,118,37,0
16041,0,16034,2,7,0,36
16058,0,16045,3,13,0,35
16159,0,16062,0,97,34,0
16281,0,16163,1,118,80,0
16373,0,16285,2,88,0,2
16468,0,16377,3,91,5,0
16524,0,16472,0,52,0,13
16550,0,16528,1,22,0,30
16633,0,16554,2,79,0,2
16656,0,16637,3,19,0,25
16691,0,16660,0,31,0,15
16708,0,16695,1,13,0,34
16728,0,16712,2,16,0,24
16760,0,16732,3,28,0,23
16870,0,16764,0,106,58,0
16968,0,16874,1,94,21,0
16997,0,16972,2,25,0,29
17092,0,17001,3,91,12,0
17193,0,17096,0,97,34,0
17306,0,17197,1,109,29,0
17371,0,17310,2,61,0,12
17466,0,17375,3,91,2,0
17522,0,17470,0,52,0,16
17617,0,17526,1,91,7,0
17628,0,17621,2,7,0,36
17702,0,17632,3,70,0,9
17791,0,17706,0,85,0,2
17895,0,17795,1,100,27,0
17951,0,17899,2,52,0,17
17983,0,17955,3,28,0,28
18012,0,17987,0,25,0,30
18077,0,18016,1,61,15,0
18199,0,18081,2,118,31,0
18270,0,18203,3,67,0,8
18380,0,18274,0,106,29,0
18430,0,18384,1,46,0,16
18534,0,18434,2,100,20,0
18608,0,18538,3,70,0,6
18709,0,18612,0,97,24,0
18774,0,18713,1,61,0,8
18869,0,18778,2,91,12,0
18991,0,18873,3,118,19,0
19023,0,18995,0,28,0,25
19103,0,19027,1,76,6,0
19210,0,19107,2,103,9,0
19278,0,19214,3,64,0,9
19289,0,19282,0,7,0,36
19390,0,19293,1,97,25,0
19422,0,19394,2,28,0,7
19544,0,19426,3,118,42,0
19615,0,19548,0,67,0,11
19671,0,19619,1,52,0,11
19742,0,19675,2,67,48,0
19768,0,19746,3,22,0,22
19890,0,19772,0,118,25,0
19904,0,19894,1,10,0,13
19996,0,19908,2,88,87,0
20040,0,20000,3,40,0,24
20066,0,20044,0,22,0,23
20158,0,20070,1,88,54,0
20253,0,20162,2,91,90,0
20324,0,20257,3,67,0,11
20398,0,20328,0,70,0,12
20445,0,20402,1,43,42,0
20456,0,20449,2,7,6,0
20533,0,20460,3,73,0,7
20571,0,20537,0,34,0,19
20666,0,20575,1,91,90,0
20764,0,20670,2,94,93,0
20841,0,20768,3,73,6,0
20951,0,20845,0,106,29,0
21013,0,20955,1,58,57,0
21108,0,21017,2,91,90,0
