step,tl_id,start_at_step,stage,stage_time,time_beyond_queue_clearance,residual_queue
21,0,-1,0,22,21,0
116,0,25,1,91,90,0
193,0,120,2,73,72,0
270,0,197,3,73,66,0
290,0,274,0,16,7,0
304,0,294,1,10,3,0
381,0,308,2,73,69,0
452,0,385,3,67,57,0
562,0,456,0,106,96,0
675,0,566,1,109,100,0
713,0,679,2,34,25,0
793,0,717,3,76,67,0
888,0,797,0,91,81,0
929,0,892,1,37,36,0
943,0,933,2,10,0,1
993,0,947,3,46,36,0
1049,0,997,0,52,42,0
1156,0,1053,1,103,94,0
1203,0,1160,2,43,34,0
1235,0,1207,3,28,24,0
1333,0,1239,0,94,87,0
1425,0,1337,1,88,74,0
1508,0,1429,2,79,72,0
1627,0,1512,3,115,110,0
1692,0,1631,0,61,51,0
1781,0,1696,1,85,70,0
1843,0,1785,2,58,46,0
1923,0,1847,3,76,69,0
2003,0,1927,0,76,61,0
2092,0,2007,1,85,78,0
2157,0,2096,2,61,52,0
2225,0,2161,3,64,52,0
2323,0,2229,0,94,93,0
2415,0,2327,1,88,77,0
2477,0,2419,2,58,51,0
2578,0,2481,3,97,90,0
2637,0,2582,0,55,45,0
2729,0,2641,1,88,79,0
2842,0,2733,2,109,102,0
2859,0,2846,3,13,6,0
2981,0,2863,0,118,108,0
3016,0,2985,1,31,24,0
3075,0,3020,2,55,48,0
3113,0,3079,3,34,25,0
3208,0,3117,0,91,82,0
3312,0,3212,1,100,89,0
3380,0,3316,2,64,49,0
3442,0,3384,3,58,54,0
3507,0,3446,0,61,54,0
3629,0,3511,1,118,105,0
3703,0,3633,2,70,61,0
3729,0,3707,3,22,7,0
3812,0,3733,0,79,63,0
3826,0,3816,1,10,0,0
3861,0,3830,2,31,23,0
3980,0,3865,3,115,100,0
4102,0,3984,0,118,109,0
4185,0,4106,1,79,59,0
4241,0,4189,2,52,36,0
4282,0,4245,3,37,10,0
4392,0,4286,0,106,96,0
4442,0,4396,1,46,34,0
4540,0,4446,2,94,79,0
4599,0,4544,3,55,33,0
4649,0,4603,0,46,26,0
4768,0,4653,1,115,105,0
4839,0,4772,2,67,49,0
4877,0,4843,3,34,10,0
4918,0,4881,0,37,21,0
4992,0,4922,1,70,58,0
5087,0,4996,2,91,84,0
5104,0,5091,3,13,0,2
5199,0,5108,0,91,79,0
5228,0,5203,1,25,10,0
5248,0,5232,2,16,9,0
5310,0,5252,3,58,40,0
5408,0,5314,0,94,90,0
5443,0,5412,1,31,19,0
5490,0,5447,2,43,26,0
5603,0,5494,3,109,100,0
5614,0,5607,0,7,0,4
5703,0,5618,1,85,76,0
5804,0,5707,2,97,75,0
5905,0,5808,3,97,82,0
5931,0,5909,0,22,0,3
5957,0,5935,1,22,12,0
6046,0,5961,2,85,71,0
6102,0,6050,3,52,32,0
6224,0,6106,0,118,106,0
6235,0,6228,1,7,0,6
6354,0,6239,2,115,93,0
6449,0,6358,3,91,79,0
6499,0,6453,0,46,33,0
6522,0,6503,1,19,0,4
6590,0,6526,2,64,47,0
6691,0,6594,3,97,90,0
6798,0,6695,0,103,93,0
6845,0,6802,1,43,5,0
6964,0,6849,2,115,98,0
7002,0,6968,3,34,21,0
7034,0,7006,0,28,13,0
7048,0,7038,1,10,0,1
7110,0,7052,2,58,49,0
7142,0,7114,3,28,21,0
7174,0,7146,0,28,23,0
7188,0,7178,1,10,0,3
7205,0,7192,2,13,6,0
7315,0,7209,3,106,105,0
7374,0,7319,0,55,38,0
7457,0,7378,1,79,57,0
7522,0,7461,2,61,24,0
7560,0,7526,3,34,5,0
7598,0,7564,0,34,14,0
7681,0,7602,1,79,51,0
7794,0,7685,2,109,86,0
7844,0,7798,3,46,5,0
7885,0,7848,0,37,4,0
7947,0,7889,1,58,27,0
8009,0,7951,2,58,35,0
8077,0,8013,3,64,37,0
8142,0,8081,0,61,25,0
8249,0,8146,1,103,72,0
8281,0,8253,2,28,4,0
8334,0,8285,3,49,20,0
8345,0,8338,0,7,0,8
8449,0,8349,1,100,88,0
8496,0,8453,2,43,13,0
8603,0,8500,3,103,73,0
8713,0,8607,0,106,62,0
8823,0,8717,1,106,82,0
8894,0,8827,2,67,17,0
8959,0,8898,3,61,13,0
9060,0,8963,0,97,68,0
9170,0,9064,1,106,75,0
9184,0,9174,2,10,0,17
9222,0,9188,3,34,6,0
9266,0,9226,0,40,18,0
9286,0,9270,1,16,1,0
9387,0,9290,2,97,42,0
9413,0,9391,3,22,0,1
9520,0,9417,0,103,84,0
9594,0,9524,1,70,31,0
9608,0,9598,2,10,0,5
9622,0,9612,3,10,0,10
9657,0,9626,0,31,19,0
9740,0,9661,1,79,69,0
9802,0,9744,2,58,33,0
9915,0,9806,3,109,64,0
9971,0,9919,0,52,26,0
10009,0,9975,1,34,0,1
10125,0,10013,2,112,93,0
10148,0,10129,3,19,0,6
10243,0,10152,0,91,71,0
10311,0,10247,1,64,30,0
10373,0,10315,2,58,36,0
10435,0,10377,3,58,13,0
10494,0,10439,0,55,26,0
10580,0,10498,1,82,62,0
10639,0,10584,2,55,22,0
10662,0,10643,3,19,0,4
10721,0,10666,0,55,23,0
10732,0,10725,1,7,0,5
10770,0,10736,2,34,22,0
10781,0,10774,3,7,0,6
10876,0,10785,0,91,80,0
10911,0,10880,1,31,0,3
10967,0,10915,2,52,33,0
11074,0,10971,3,103,56,0
11088,0,11078,0,10,0,16
11210,0,11092,1,118,61,0
11332,0,11214,2,118,80,0
11346,0,11336,3,10,0,25
11426,0,11350,0,76,6,0
11485,0,11430,1,55,14,0
11511,0,11489,2,22,0,9
11579,0,11515,3,64,0,0
11617,0,11583,0,34,0,15
11667,0,11621,1,46,18,0
11774,0,11671,2,103,50,0
11785,0,11778,3,7,0,21
11901,0,11789,0,112,47,0
11981,0,11905,1,76,25,0
12031,0,11985,2,46,2,0
12117,0,12035,3,82,0,1
12227,0,12121,0,106,49,0
12325,0,12231,1,94,50,0
12387,0,12329,2,58,0,3
12479,0,12391,3,88,31,0
12589,0,12483,0,106,50,0
12669,0,12593,1,76,17,0
12743,0,12673,2,70,0,2
12799,0,12747,3,52,0,9
12909,0,12803,0,106,66,0
12923,0,12913,1,10,0,24
12997,0,12927,2,70,0,1
13065,0,13001,3,64,0,2
13178,0,13069,0,109,67,0
13270,0,13182,1,88,1,0
13284,0,13274,2,10,0,34
13385,0,13288,3,97,35,0
13414,0,13389,0,25,0,13
13518,0,13418,1,100,30,0
13538,0,13522,2,16,0,33
13639,0,13542,3,97,58,0
13734,0,13643,0,91,8,0
13787,0,13738,1,49,0,10
13807,0,13791,2,16,0,33
13845,0,13811,3,34,0,3
13898,0,13849,0,49,0,3
13942,0,13902,1,40,0,5
14040,0,13946,2,94,0,1
14123,0,14044,3,79,22,0
14146,0,14127,0,19,0,19
14241,0,14150,1,91,22,0
14297,0,14245,2,52,0,18
14356,0,14301,3,55,0,4
14376,0,14360,0,16,0,27
14441,0,14380,1,61,8,0
14527,0,14445,2,82,0,5
14568,0,14531,3,37,0,8
14585,0,14572,0,13,0,34
14701,0,14589,1,112,69,0
14748,0,14705,2,43,0,21
14822,0,14752,3,70,0,5
14944,0,14826,0,118,40,0
14964,0,14948,1,16,0,26
15035,0,14968,2,67,0,12
15046,0,15039,3,7,0,36
15120,0,15050,0,70,34,0
15167,0,15124,1,43,0,18
15262,0,15171,2,91,0,1
15273,0,15266,3,7,0,36
15368,0,15277,0,91,38,0
15442,0,15372,1,70,0,7
15474,0,15446,2,28,0,28
15581,0,15478,3,103,22,0
15610,0,15585,0,25,0,23
15726,0,15614,1,112,27,0
15842,0,15730,2,112,20,0
15859,0,15846,3,13,0,34
15918,0,15863,0,55,0,10
15944,0,15922,1,22,0,23
16009,0,15948,2,61,5,0
16122,0,16013,3,109,16,0
16217,0,16126,0,91,11,0
16306,0,16221,1,85,0,4
16371,0,16310,2,61,0,15
16394,0,16375,3,19,0,32
16510,0,16398,0,112,35,0
16614,0,16514,1,100,9,0
16646,0,16618,2,28,0,28
16756,0,16650,3,106,14,0
16797,0,16760,0,37,0,20
16901,0,16801,1,100,20,0
16963,0,16905,2,58,0,16
17085,0,16967,3,118,29,0
17186,0,17089,0,97,17,0
17308,0,17190,1,118,24,0
17406,0,17312,2,94,5,0
17450,0,17410,3,40,0,20
17569,0,17454,0,115,48,0
17652,0,17573,1,79,8,0
17699,0,17656,2,43,0,22
17779,0,17703,3,76,0,6
17901,0,17783,0,118,49,0
18020,0,17905,1,115,43,0
18037,0,18024,2,13,0,33
18111,0,18041,3,70,0,3
18200,0,18115,0,85,18,0
18286,0,18204,1,82,30,0
18387,0,18290,2,97,6,0
18473,0,18391,3,82,7,0
18574,0,18477,0,97,28,0
18690,0,18578,1,112,20,0
18806,0,18694,2,112,24,0
18892,0,18810,3,82,11,0
18993,0,18896,0,97,16,0
19103,0,18997,1,106,45,0
19147,0,19107,2,40,0,23
19173,0,19151,3,22,0,30
19274,0,19177,0,97,35,0
19393,0,19278,1,115,65,0
19509,0,19397,2,112,16,0
19583,0,19513,3,70,0,9
19609,0,19587,0,22,0,29
19725,0,19613,1,112,71,0
19799,0,19729,2,70,0,10
19834,0,19803,3,31,0,19
19923,0,19838,0,85,16,0
19952,0,19927,1,25,0,5
19987,0,19956,2,31,0,27
20007,0,19991,3,16,0,33
20036,0,20011,0,25,0,10
20071,0,20040,1,31,0,4
20097,0,20075,2,22,0,30
20141,0,20101,3,40,0,19
20176,0,20145,0,31,0,10
20262,0,20180,1,82,55,0
20309,0,20266,2,43,0,21
20344,0,20313,3,31,0,27
20451,0,20348,0,103,34,0
20486,0,20455,1,31,2,0
20587,0,20490,2,97,0,0
20652,0,20591,3,61,0,13
20756,0,20656,0,100,38,0
20863,0,20760,1,103,54,0
20943,0,20867,2,76,0,7
20975,0,20947,3,28,0,27
21043,0,20979,0,64,19,0
21093,0,21047,1,46,14,0
21152,0,21097,2,55,0,13
21172,0,21156,3,16,0,33
21258,0,21176,0,82,55,0
21374,0,21262,1,112,77,0
21496,0,21378,2,118,21,0
21594,0,21500,3,94,9,0
21686,0,21598,0,88,24,0
21706,0,21690,1,16,0,16
21720,0,21710,2,10,0,34
21839,0,21724,3,115,57,0
21919,0,21843,0,76,62,0
21972,0,21923,1,49,0,3
22007,0,21976,2,31,0,25
22066,0,22011,3,55,0,3
22164,0,22070,0,94,69,0
22241,0,22168,1,73,31,0
22321,0,22245,2,76,0,8
22401,0,22325,3,76,0,7
22502,0,22405,0,97,53,0
22603,0,22506,1,97,54,0
22701,0,22607,2,94,0,1
22799,0,22705,3,94,0,0
22861,0,22803,0,58,20,0
22926,0,22865,1,61,27,0
23015,0,22930,2,85,0,2
23134,0,23019,3,115,18,0
23223,0,23138,0,85,60,0
23339,0,23227,1,112,55,0
23419,0,23343,2,76,0,2
23490,0,23423,3,67,0,2
23534,0,23494,0,40,0,1
23599,0,23538,1,61,37,0
23640,0,23603,2,37,0,17
23684,0,23644,3,40,12,0
23746,0,23688,0,58,36,0
23769,0,23750,1,19,1,0
23816,0,23773,2,43,0,17
23848,0,23820,3,28,14,0
23874,0,23852,0,22,12,0
23984,0,23878,1,106,92,0
24106,0,23988,2,118,53,0
24189,0,24110,3,79,44,0
24224,0,24193,0,31,0,1
24334,0,24228,1,106,66,0
24369,0,24338,2,31,5,0
24425,0,24373,3,52,34,0
24466,0,24429,0,37,7,0
24555,0,24470,1,85,70,0
24671,0,24559,2,112,86,0
24718,0,24675,3,43,21,0
24735,0,24722,0,13,0,8
24836,0,24739,1,97,79,0
24916,0,24840,2,76,47,0
25002,0,24920,3,82,64,0
25076,0,25006,0,70,11,0
25117,0,25080,1,37,9,0
25230,0,25121,2,109,83,0
25346,0,25234,3,112,75,0
25381,0,25350,0,31,6,0
25461,0,25385,1,76,56,0
25541,0,25465,2,76,64,0
25588,0,25545,3,43,13,0
25677,0,25592,0,85,59,0
25721,0,25681,1,40,21,0
25744,0,25725,2,19,9,0
25866,0,25748,3,118,108,0
25904,0,25870,0,34,20,0
26020,0,25908,1,112,102,0
26121,0,26024,2,97,69,0
26204,0,26125,3,79,64,0
26296,0,26208,0,88,63,0
26385,0,26300,1,85,68,0
26429,0,26389,2,40,24,0
26539,0,26433,3,106,91,0
26592,0,26543,0,49,32,0
26642,0,26596,1,46,27,0
26662,0,26646,2,16,4,0
26742,0,26666,3,76,65,0
26774,0,26746,0,28,14,0
26800,0,26778,1,22,5,0
26850,0,26804,2,46,39,0
26870,0,26854,3,16,9,0
26887,0,26874,0,13,6,0
27009,0,26891,1,118,109,0
27077,0,27013,2,64,55,0
27184,0,27081,3,103,88,0
27303,0,27188,0,115,81,0
27389,0,27307,1,82,62,0
27478,0,27393,2,85,67,0
27504,0,27482,3,22,4,0
27524,0,27508,0,16,7,0
27574,0,27528,1,46,28,0
27630,0,27578,2,52,45,0
27701,0,27634,3,67,63,0
27814,0,27705,0,109,97,0
27900,0,27818,1,82,63,0
27929,0,27904,2,25,0,0
27985,0,27933,3,52,37,0
28005,0,27989,0,16,7,0
28091,0,28009,1,82,75,0
28120,0,28095,2,25,1,0
28146,0,28124,3,22,8,0
28232,0,28150,0,82,72,0
28249,0,28236,1,13,0,2
28332,0,28253,2,79,64,0
28358,0,28336,3,22,10,0
28396,0,28362,0,34,27,0
28476,0,28400,1,76,62,0
28502,0,28480,2,22,10,0
28624,0,28506,3,118,106,0
28704,0,28628,0,76,59,0
28790,0,28708,1,82,67,0
28873,0,28794,2,79,60,0
28935,0,28877,3,58,45,0
28976,0,28939,0,37,19,0
29056,0,28980,1,76,56,0
29166,0,29060,2,106,97,0
29261,0,29170,3,91,71,0
29365,0,29265,0,100,74,0
29424,0,29369,1,55,32,0
29543,0,29428,2,115,90,0
29572,0,29547,3,25,8,0
29589,0,29576,0,13,1,0
29672,0,29593,1,79,68,0
29707,0,29676,2,31,21,0
29787,0,29711,3,76,64,0
29882,0,29791,0,91,77,0
29896,0,29886,1,10,0,2
29997,0,29900,2,97,80,0
30113,0,30001,3,112,98,0
30139,0,30117,0,22,8,0
30246,0,30143,1,103,80,0
30359,0,30250,2,109,95,0
30373,0,30363,3,10,0,2
30468,0,30377,0,91,69,0
30518,0,30472,1,46,20,0
30616,0,30522,2,94,90,0
30726,0,30620,3,106,84,0
30836,0,30730,0,106,84,0
30919,0,30840,1,79,47,0
30948,0,30923,2,25,4,0
30959,0,30952,3,7,0,1
31075,0,30963,0,112,97,0
31179,0,31079,1,100,87,0
31277,0,31183,2,94,80,0
31348,0,31281,3,67,45,0
31359,0,31352,0,7,0,3
31481,0,31363,1,118,103,0
31504,0,31485,2,19,1,0
31578,0,31508,3,70,61,0
31673,0,31582,0,91,57,0
31690,0,31677,1,13,1,0
31767,0,31694,2,73,58,0
31778,0,31771,3,7,0,1
31894,0,31782,0,112,97,0
31965,0,31898,1,67,56,0
32000,0,31969,2,31,15,0
32080,0,32004,3,76,58,0
32181,0,32084,0,97,82,0
32225,0,32185,1,40,28,0
32302,0,32229,2,73,61,0
32325,0,32306,3,19,3,0
32435,0,32329,0,106,91,0
32461,0,32439,1,22,15,0
32544,0,32465,2,79,67,0
